-------------------------------------------------------------
----------------------- !PROPERTIES! ------------------------
-------------------------------------------------------------
# -------------------------------------------------------------
----------------------- !GEOMETRIES! ------------------------
# -------------------------------------------------------------
------------------------ !GEOMETRY! -------------------------
    Number of atoms:    36 
    Geometry Index:     1 
    Coordinates:
               0  C     -0.074257074798    6.450077603663    3.546368978678
               1  S      1.489795847937    6.080482256879    2.755982602552
               2  C      1.149366541419    4.636622270872    1.833692059683
               3  C     -0.091365571095    4.003052865541    1.793383524446
               4  C     -0.258269287184    2.842695425058    1.059362822406
               5  C      0.800509676769    2.302713896928    0.339238739072
               6  C      2.028756973386    2.960408250220    0.342019000475
               7  C      2.207647711238    4.103303430948    1.091210551498
               8  C      0.662544287103    1.099418099619   -0.506901598523
               9  O      0.000000000000    0.000000000000    0.000000000000
              10  O      1.067138665386    0.987171299606   -1.623577365068
              11  O      0.000000000000    0.000000000000    3.415272844987
              12  C     -1.273887709445    0.000000000000    3.915906455355
              13  C     -1.222114572539    0.066427779883    5.388314779900
              14  O     -2.257429228974   -0.025857790427    3.238756529573
              15  C     -2.415439402523   -0.122896113750    6.085952526949
              16  C     -2.441959234789   -0.034376800707    7.458877100535
              17  C     -1.272750685224    0.254962128084    8.172984938849
              18  C     -0.081777955861    0.450606551082    7.475180080985
              19  C     -0.058904417710    0.354403760816    6.095446287818
              20  S     -1.426667339323    0.349861118413    9.907885311172
              21  C      0.243160580656    0.684954221139   10.461945222560
              22  H      0.104163255354    7.346076846644    4.140873832554
              23  H     -0.388822752243    5.643872948622    4.210020285234
              24  H     -0.853238547033    6.664433576544    2.813856477846
              25  H     -0.937000043632    4.405133623956    2.334216061403
              26  H     -1.235074396832    2.374970219447    1.027490219682
              27  H      2.845446866186    2.558825879092   -0.245766738207
              28  H      3.172953403106    4.596709651096    1.102483463695
              29  H     -3.317690853025   -0.339000226253    5.527072303900
              30  H     -3.371885388097   -0.188083648752    7.994647157902
              31  H      0.834797610444    0.682520714259    7.999887334307
              32  H      0.870469261446    0.518836179424    5.566025100450
              33  H      0.184541144246    0.737293936795   11.549090768141
              34  H      0.608645342905    1.640294623992   10.083742139034
              35  H      0.925075147423   -0.119495288167   10.184589944661
